(kicad_pcb (version 20171130) (host pcbnew "(5.1.10)-1")

  (general
    (thickness 1.6)
    (drawings 0)
    (tracks 240)
    (zones 0)
    (modules 32)
    (nets 35)
  )

  (page A4)
  (layers
    (0 F.Cu signal)
    (31 B.Cu signal)
    (32 B.Adhes user)
    (33 F.Adhes user)
    (34 B.Paste user)
    (35 F.Paste user)
    (36 B.SilkS user)
    (37 F.SilkS user)
    (38 B.Mask user)
    (39 F.Mask user)
    (40 Dwgs.User user)
    (41 Cmts.User user)
    (42 Eco1.User user)
    (43 Eco2.User user)
    (44 Edge.Cuts user)
    (45 Margin user)
    (46 B.CrtYd user)
    (47 F.CrtYd user)
    (48 B.Fab user)
    (49 F.Fab user)
  )

  (setup
    (last_trace_width 0.25)
    (trace_clearance 0.2)
    (zone_clearance 0.508)
    (zone_45_only no)
    (trace_min 0.2)
    (via_size 0.8)
    (via_drill 0.4)
    (via_min_size 0.4)
    (via_min_drill 0.3)
    (uvia_size 0.3)
    (uvia_drill 0.1)
    (uvias_allowed no)
    (uvia_min_size 0.2)
    (uvia_min_drill 0.1)
    (edge_width 0.05)
    (segment_width 0.2)
    (pcb_text_width 0.3)
    (pcb_text_size 1.5 1.5)
    (mod_edge_width 0.12)
    (mod_text_size 1 1)
    (mod_text_width 0.15)
    (pad_size 1.524 1.524)
    (pad_drill 0.762)
    (pad_to_mask_clearance 0)
    (aux_axis_origin 0 0)
    (visible_elements 7FFFFFFF)
    (pcbplotparams
      (layerselection 0x010fc_ffffffff)
      (usegerberextensions false)
      (usegerberattributes true)
      (usegerberadvancedattributes true)
      (creategerberjobfile true)
      (excludeedgelayer true)
      (linewidth 0.100000)
      (plotframeref false)
      (viasonmask false)
      (mode 1)
      (useauxorigin false)
      (hpglpennumber 1)
      (hpglpenspeed 20)
      (hpglpendiameter 15.000000)
      (psnegative false)
      (psa4output false)
      (plotreference true)
      (plotvalue true)
      (plotinvisibletext false)
      (padsonsilk false)
      (subtractmaskfromsilk false)
      (outputformat 1)
      (mirror false)
      (drillshape 1)
      (scaleselection 1)
      (outputdirectory ""))
  )

  (net 0 "")
  (net 1 "Net-(1-4Vto5V1-Pad1)")
  (net 2 GND)
  (net 3 5V)
  (net 4 A0)
  (net 5 A1)
  (net 6 D2)
  (net 7 A2)
  (net 8 D3)
  (net 9 A3)
  (net 10 D4)
  (net 11 A4)
  (net 12 D5)
  (net 13 A5)
  (net 14 D6)
  (net 15 A6)
  (net 16 D7)
  (net 17 A7)
  (net 18 D8)
  (net 19 D9)
  (net 20 D10)
  (net 21 D11)
  (net 22 "Net-(D1-Pad3)")
  (net 23 "Net-(D2-Pad3)")
  (net 24 "Net-(D3-Pad3)")
  (net 25 "Net-(D4-Pad3)")
  (net 26 "Net-(D5-Pad3)")
  (net 27 "Net-(D6-Pad3)")
  (net 28 "Net-(D7-Pad2)")
  (net 29 "Net-(D7-Pad1)")
  (net 30 "Net-(D8-Pad3)")
  (net 31 "Net-(D9-Pad3)")
  (net 32 "Net-(LEDGroupSelect1-Pad6)")
  (net 33 "Net-(LEDGroupSelect1-Pad8)")
  (net 34 "Net-(LEDGroupSelect2-Pad8)")

  (net_class Default "This is the default net class."
    (clearance 0.2)
    (trace_width 0.25)
    (via_dia 0.8)
    (via_drill 0.4)
    (uvia_dia 0.3)
    (uvia_drill 0.1)
    (add_net 5V)
    (add_net A0)
    (add_net A1)
    (add_net A2)
    (add_net A3)
    (add_net A4)
    (add_net A5)
    (add_net A6)
    (add_net A7)
    (add_net D10)
    (add_net D11)
    (add_net D2)
    (add_net D3)
    (add_net D4)
    (add_net D5)
    (add_net D6)
    (add_net D7)
    (add_net D8)
    (add_net D9)
    (add_net GND)
    (add_net "Net-(1-4Vto5V1-Pad1)")
    (add_net "Net-(D1-Pad3)")
    (add_net "Net-(D2-Pad3)")
    (add_net "Net-(D3-Pad3)")
    (add_net "Net-(D4-Pad3)")
    (add_net "Net-(D5-Pad3)")
    (add_net "Net-(D6-Pad3)")
    (add_net "Net-(D7-Pad1)")
    (add_net "Net-(D7-Pad2)")
    (add_net "Net-(D8-Pad3)")
    (add_net "Net-(D9-Pad3)")
    (add_net "Net-(LEDGroupSelect1-Pad6)")
    (add_net "Net-(LEDGroupSelect1-Pad8)")
    (add_net "Net-(LEDGroupSelect2-Pad8)")
  )

  (module LED_THT:LED_D5.0mm-3 (layer F.Cu) (tedit 587A3A7B) (tstamp 60CC62B4)
    (at 177.8 68.58)
    (descr "LED, diameter 5.0mm, 2 pins, diameter 5.0mm, 3 pins, http://www.kingbright.com/attachments/file/psearch/000/00/00/L-59EGC(Ver.17A).pdf")
    (tags "LED diameter 5.0mm 2 pins diameter 5.0mm 3 pins")
    (path /60CD8E4A)
    (fp_text reference D9 (at 2.54 -3.96) (layer F.SilkS)
      (effects (font (size 1 1) (thickness 0.15)))
    )
    (fp_text value LED_Dual_AAC (at 2.54 3.96) (layer F.Fab)
      (effects (font (size 1 1) (thickness 0.15)))
    )
    (fp_arc (start 2.54 0) (end 0.04 -1.469694) (angle 299.1) (layer F.Fab) (width 0.1))
    (fp_arc (start 2.54 0) (end -0.02 -1.54483) (angle 127.7) (layer F.SilkS) (width 0.12))
    (fp_arc (start 2.54 0) (end -0.02 1.54483) (angle -127.7) (layer F.SilkS) (width 0.12))
    (fp_arc (start 2.54 0) (end 0.285316 -1.08) (angle 128.8) (layer F.SilkS) (width 0.12))
    (fp_arc (start 2.54 0) (end 0.285316 1.08) (angle -128.8) (layer F.SilkS) (width 0.12))
    (fp_circle (center 2.54 0) (end 5.04 0) (layer F.Fab) (width 0.1))
    (fp_line (start 0.04 -1.469694) (end 0.04 1.469694) (layer F.Fab) (width 0.1))
    (fp_line (start -0.02 -1.545) (end -0.02 -1.08) (layer F.SilkS) (width 0.12))
    (fp_line (start -0.02 1.08) (end -0.02 1.545) (layer F.SilkS) (width 0.12))
    (fp_line (start -1.15 -3.25) (end -1.15 3.25) (layer F.CrtYd) (width 0.05))
    (fp_line (start -1.15 3.25) (end 6.25 3.25) (layer F.CrtYd) (width 0.05))
    (fp_line (start 6.25 3.25) (end 6.25 -3.25) (layer F.CrtYd) (width 0.05))
    (fp_line (start 6.25 -3.25) (end -1.15 -3.25) (layer F.CrtYd) (width 0.05))
    (pad 1 thru_hole rect (at 0 0) (size 1.8 1.8) (drill 0.9) (layers *.Cu *.Mask)
      (net 10 D4))
    (pad 2 thru_hole circle (at 2.54 0) (size 1.8 1.8) (drill 0.9) (layers *.Cu *.Mask)
      (net 12 D5))
    (pad 3 thru_hole circle (at 5.08 0) (size 1.8 1.8) (drill 0.9) (layers *.Cu *.Mask)
      (net 31 "Net-(D9-Pad3)"))
    (model ${KISYS3DMOD}/LED_THT.3dshapes/LED_D5.0mm-3.wrl
      (at (xyz 0 0 0))
      (scale (xyz 1 1 1))
      (rotate (xyz 0 0 0))
    )
  )

  (module 8MagnetTester4Filter:BAT_BH123A (layer B.Cu) (tedit 60CBF877) (tstamp 60CC6599)
    (at 144.272 111.76)
    (path /60E21D2F)
    (fp_text reference U1 (at -17.145 10.795) (layer B.SilkS)
      (effects (font (size 1 1) (thickness 0.015)) (justify mirror))
    )
    (fp_text value BatteryHolder (at -13.97 -10.795) (layer B.Fab)
      (effects (font (size 1 1) (thickness 0.015)) (justify mirror))
    )
    (fp_line (start -21.5 8.89) (end 21.5 8.89) (layer B.Fab) (width 0.127))
    (fp_line (start 21.5 8.89) (end 21.5 -8.89) (layer B.Fab) (width 0.127))
    (fp_line (start 21.5 -8.89) (end -21.5 -8.89) (layer B.Fab) (width 0.127))
    (fp_line (start -21.5 -8.89) (end -21.5 8.89) (layer B.Fab) (width 0.127))
    (fp_line (start -21.5 8.89) (end 21.5 8.89) (layer B.SilkS) (width 0.127))
    (fp_line (start -21.5 -8.89) (end -21.5 8.89) (layer B.SilkS) (width 0.127))
    (fp_line (start 21.5 -8.89) (end -21.5 -8.89) (layer B.SilkS) (width 0.127))
    (fp_line (start 21.5 8.89) (end 21.5 -8.89) (layer B.SilkS) (width 0.127))
    (fp_line (start -21.75 9.14) (end 21.75 9.14) (layer B.CrtYd) (width 0.05))
    (fp_line (start 21.75 9.14) (end 21.75 -9.14) (layer B.CrtYd) (width 0.05))
    (fp_line (start 21.75 -9.14) (end -21.75 -9.14) (layer B.CrtYd) (width 0.05))
    (fp_line (start -21.75 -9.14) (end -21.75 9.14) (layer B.CrtYd) (width 0.05))
    (fp_text user - (at -23.622 -0.508) (layer B.Fab)
      (effects (font (size 1.4 1.4) (thickness 0.015)) (justify mirror))
    )
    (fp_text user - (at -23.622 -0.508) (layer B.SilkS)
      (effects (font (size 1.4 1.4) (thickness 0.015)) (justify mirror))
    )
    (fp_text user + (at 22.86 -1.27) (layer B.Fab)
      (effects (font (size 1.4 1.4) (thickness 0.015)) (justify mirror))
    )
    (fp_text user + (at 22.86 -1.27) (layer B.SilkS)
      (effects (font (size 1.4 1.4) (thickness 0.015)) (justify mirror))
    )
    (pad None np_thru_hole circle (at 19.58 -6.37) (size 1.27 1.27) (drill 1.27) (layers *.Cu *.Mask))
    (pad 2 thru_hole circle (at 18.985 0) (size 2.205 2.205) (drill 1.47) (layers *.Cu *.Mask)
      (net 2 GND))
    (pad 1 thru_hole circle (at -18.985 0) (size 2.205 2.205) (drill 1.47) (layers *.Cu *.Mask)
      (net 28 "Net-(D7-Pad2)"))
  )

  (module Converter_DCDC:Converter_DCDC_RECOM_R-78E-0.5_THT (layer B.Cu) (tedit 5B741BB0) (tstamp 60CC619F)
    (at 172.72 101.6)
    (descr "DCDC-Converter, RECOM, RECOM_R-78E-0.5, SIP-3, pitch 2.54mm, package size 11.6x8.5x10.4mm^3, https://www.recom-power.com/pdf/Innoline/R-78Exx-0.5.pdf")
    (tags "dc-dc recom buck sip-3 pitch 2.54mm")
    (path /60DF1566)
    (fp_text reference 1-4Vto5V1 (at 2.54 7.56) (layer B.SilkS)
      (effects (font (size 1 1) (thickness 0.15)) (justify mirror))
    )
    (fp_text value StepUpConverter (at 2.54 -3) (layer B.Fab)
      (effects (font (size 1 1) (thickness 0.15)) (justify mirror))
    )
    (fp_line (start 8.54 6.75) (end -3.57 6.75) (layer B.CrtYd) (width 0.05))
    (fp_line (start 8.54 -2.25) (end 8.54 6.75) (layer B.CrtYd) (width 0.05))
    (fp_line (start -3.57 -2.25) (end 8.54 -2.25) (layer B.CrtYd) (width 0.05))
    (fp_line (start -3.57 6.75) (end -3.57 -2.25) (layer B.CrtYd) (width 0.05))
    (fp_line (start -3.611 -2.3) (end -2.371 -2.3) (layer B.SilkS) (width 0.12))
    (fp_line (start -3.611 -1.06) (end -3.611 -2.3) (layer B.SilkS) (width 0.12))
    (fp_line (start 8.35 6.56) (end 8.35 -2.06) (layer B.SilkS) (width 0.12))
    (fp_line (start -3.371 6.56) (end -3.371 -2.06) (layer B.SilkS) (width 0.12))
    (fp_line (start -3.371 -2.06) (end 8.35 -2.06) (layer B.SilkS) (width 0.12))
    (fp_line (start -3.371 6.56) (end 8.35 6.56) (layer B.SilkS) (width 0.12))
    (fp_line (start -3.31 -1) (end -3.31 6.5) (layer B.Fab) (width 0.1))
    (fp_line (start -2.31 -2) (end -3.31 -1) (layer B.Fab) (width 0.1))
    (fp_line (start 8.29 -2) (end -2.31 -2) (layer B.Fab) (width 0.1))
    (fp_line (start 8.29 6.5) (end 8.29 -2) (layer B.Fab) (width 0.1))
    (fp_line (start -3.31 6.5) (end 8.29 6.5) (layer B.Fab) (width 0.1))
    (fp_text user %R (at 2.54 2.25) (layer B.Fab)
      (effects (font (size 1 1) (thickness 0.15)) (justify mirror))
    )
    (pad 3 thru_hole oval (at 5.08 0) (size 1.5 2.3) (drill 1) (layers *.Cu *.Mask)
      (net 3 5V))
    (pad 2 thru_hole oval (at 2.54 0) (size 1.5 2.3) (drill 1) (layers *.Cu *.Mask)
      (net 2 GND))
    (pad 1 thru_hole rect (at 0 0) (size 1.5 2.3) (drill 1) (layers *.Cu *.Mask)
      (net 1 "Net-(1-4Vto5V1-Pad1)"))
    (model ${KISYS3DMOD}/Converter_DCDC.3dshapes/Converter_DCDC_RECOM_R-78E-0.5_THT.wrl
      (at (xyz 0 0 0))
      (scale (xyz 1 1 1))
      (rotate (xyz 0 0 0))
    )
  )

  (module Module:Arduino_Nano (layer B.Cu) (tedit 58ACAF70) (tstamp 60CC61DC)
    (at 125.984 84.836 270)
    (descr "Arduino Nano, http://www.mouser.com/pdfdocs/Gravitech_Arduino_Nano3_0.pdf")
    (tags "Arduino Nano")
    (path /60CB9367)
    (fp_text reference A1 (at 7.62 5.08 270) (layer B.SilkS)
      (effects (font (size 1 1) (thickness 0.15)) (justify mirror))
    )
    (fp_text value Arduino_Nano_v2.x (at 8.89 -19.05) (layer B.Fab)
      (effects (font (size 1 1) (thickness 0.15)) (justify mirror))
    )
    (fp_line (start 1.27 -1.27) (end 1.27 1.27) (layer B.SilkS) (width 0.12))
    (fp_line (start 1.27 1.27) (end -1.4 1.27) (layer B.SilkS) (width 0.12))
    (fp_line (start -1.4 -1.27) (end -1.4 -39.5) (layer B.SilkS) (width 0.12))
    (fp_line (start -1.4 3.94) (end -1.4 1.27) (layer B.SilkS) (width 0.12))
    (fp_line (start 13.97 1.27) (end 16.64 1.27) (layer B.SilkS) (width 0.12))
    (fp_line (start 13.97 1.27) (end 13.97 -36.83) (layer B.SilkS) (width 0.12))
    (fp_line (start 13.97 -36.83) (end 16.64 -36.83) (layer B.SilkS) (width 0.12))
    (fp_line (start 1.27 -1.27) (end -1.4 -1.27) (layer B.SilkS) (width 0.12))
    (fp_line (start 1.27 -1.27) (end 1.27 -36.83) (layer B.SilkS) (width 0.12))
    (fp_line (start 1.27 -36.83) (end -1.4 -36.83) (layer B.SilkS) (width 0.12))
    (fp_line (start 3.81 -31.75) (end 11.43 -31.75) (layer B.Fab) (width 0.1))
    (fp_line (start 11.43 -31.75) (end 11.43 -41.91) (layer B.Fab) (width 0.1))
    (fp_line (start 11.43 -41.91) (end 3.81 -41.91) (layer B.Fab) (width 0.1))
    (fp_line (start 3.81 -41.91) (end 3.81 -31.75) (layer B.Fab) (width 0.1))
    (fp_line (start -1.4 -39.5) (end 16.64 -39.5) (layer B.SilkS) (width 0.12))
    (fp_line (start 16.64 -39.5) (end 16.64 3.94) (layer B.SilkS) (width 0.12))
    (fp_line (start 16.64 3.94) (end -1.4 3.94) (layer B.SilkS) (width 0.12))
    (fp_line (start 16.51 -39.37) (end -1.27 -39.37) (layer B.Fab) (width 0.1))
    (fp_line (start -1.27 -39.37) (end -1.27 2.54) (layer B.Fab) (width 0.1))
    (fp_line (start -1.27 2.54) (end 0 3.81) (layer B.Fab) (width 0.1))
    (fp_line (start 0 3.81) (end 16.51 3.81) (layer B.Fab) (width 0.1))
    (fp_line (start 16.51 3.81) (end 16.51 -39.37) (layer B.Fab) (width 0.1))
    (fp_line (start -1.53 4.06) (end 16.75 4.06) (layer B.CrtYd) (width 0.05))
    (fp_line (start -1.53 4.06) (end -1.53 -42.16) (layer B.CrtYd) (width 0.05))
    (fp_line (start 16.75 -42.16) (end 16.75 4.06) (layer B.CrtYd) (width 0.05))
    (fp_line (start 16.75 -42.16) (end -1.53 -42.16) (layer B.CrtYd) (width 0.05))
    (fp_text user %R (at 6.35 -19.05) (layer B.Fab)
      (effects (font (size 1 1) (thickness 0.15)) (justify mirror))
    )
    (pad 1 thru_hole rect (at 0 0 270) (size 1.6 1.6) (drill 1) (layers *.Cu *.Mask))
    (pad 17 thru_hole oval (at 15.24 -33.02 270) (size 1.6 1.6) (drill 1) (layers *.Cu *.Mask))
    (pad 2 thru_hole oval (at 0 -2.54 270) (size 1.6 1.6) (drill 1) (layers *.Cu *.Mask))
    (pad 18 thru_hole oval (at 15.24 -30.48 270) (size 1.6 1.6) (drill 1) (layers *.Cu *.Mask))
    (pad 3 thru_hole oval (at 0 -5.08 270) (size 1.6 1.6) (drill 1) (layers *.Cu *.Mask))
    (pad 19 thru_hole oval (at 15.24 -27.94 270) (size 1.6 1.6) (drill 1) (layers *.Cu *.Mask)
      (net 4 A0))
    (pad 4 thru_hole oval (at 0 -7.62 270) (size 1.6 1.6) (drill 1) (layers *.Cu *.Mask)
      (net 2 GND))
    (pad 20 thru_hole oval (at 15.24 -25.4 270) (size 1.6 1.6) (drill 1) (layers *.Cu *.Mask)
      (net 5 A1))
    (pad 5 thru_hole oval (at 0 -10.16 270) (size 1.6 1.6) (drill 1) (layers *.Cu *.Mask)
      (net 6 D2))
    (pad 21 thru_hole oval (at 15.24 -22.86 270) (size 1.6 1.6) (drill 1) (layers *.Cu *.Mask)
      (net 7 A2))
    (pad 6 thru_hole oval (at 0 -12.7 270) (size 1.6 1.6) (drill 1) (layers *.Cu *.Mask)
      (net 8 D3))
    (pad 22 thru_hole oval (at 15.24 -20.32 270) (size 1.6 1.6) (drill 1) (layers *.Cu *.Mask)
      (net 9 A3))
    (pad 7 thru_hole oval (at 0 -15.24 270) (size 1.6 1.6) (drill 1) (layers *.Cu *.Mask)
      (net 10 D4))
    (pad 23 thru_hole oval (at 15.24 -17.78 270) (size 1.6 1.6) (drill 1) (layers *.Cu *.Mask)
      (net 11 A4))
    (pad 8 thru_hole oval (at 0 -17.78 270) (size 1.6 1.6) (drill 1) (layers *.Cu *.Mask)
      (net 12 D5))
    (pad 24 thru_hole oval (at 15.24 -15.24 270) (size 1.6 1.6) (drill 1) (layers *.Cu *.Mask)
      (net 13 A5))
    (pad 9 thru_hole oval (at 0 -20.32 270) (size 1.6 1.6) (drill 1) (layers *.Cu *.Mask)
      (net 14 D6))
    (pad 25 thru_hole oval (at 15.24 -12.7 270) (size 1.6 1.6) (drill 1) (layers *.Cu *.Mask)
      (net 15 A6))
    (pad 10 thru_hole oval (at 0 -22.86 270) (size 1.6 1.6) (drill 1) (layers *.Cu *.Mask)
      (net 16 D7))
    (pad 26 thru_hole oval (at 15.24 -10.16 270) (size 1.6 1.6) (drill 1) (layers *.Cu *.Mask)
      (net 17 A7))
    (pad 11 thru_hole oval (at 0 -25.4 270) (size 1.6 1.6) (drill 1) (layers *.Cu *.Mask)
      (net 18 D8))
    (pad 27 thru_hole oval (at 15.24 -7.62 270) (size 1.6 1.6) (drill 1) (layers *.Cu *.Mask)
      (net 3 5V))
    (pad 12 thru_hole oval (at 0 -27.94 270) (size 1.6 1.6) (drill 1) (layers *.Cu *.Mask)
      (net 19 D9))
    (pad 28 thru_hole oval (at 15.24 -5.08 270) (size 1.6 1.6) (drill 1) (layers *.Cu *.Mask))
    (pad 13 thru_hole oval (at 0 -30.48 270) (size 1.6 1.6) (drill 1) (layers *.Cu *.Mask)
      (net 20 D10))
    (pad 29 thru_hole oval (at 15.24 -2.54 270) (size 1.6 1.6) (drill 1) (layers *.Cu *.Mask)
      (net 2 GND))
    (pad 14 thru_hole oval (at 0 -33.02 270) (size 1.6 1.6) (drill 1) (layers *.Cu *.Mask)
      (net 21 D11))
    (pad 30 thru_hole oval (at 15.24 0 270) (size 1.6 1.6) (drill 1) (layers *.Cu *.Mask)
      (net 3 5V))
    (pad 15 thru_hole oval (at 0 -35.56 270) (size 1.6 1.6) (drill 1) (layers *.Cu *.Mask))
    (pad 16 thru_hole oval (at 15.24 -35.56 270) (size 1.6 1.6) (drill 1) (layers *.Cu *.Mask))
    (model ${KISYS3DMOD}/Module.3dshapes/Arduino_Nano_WithMountingHoles.wrl
      (at (xyz 0 0 0))
      (scale (xyz 1 1 1))
      (rotate (xyz 0 0 0))
    )
  )

  (module LED_THT:LED_D5.0mm-3 (layer F.Cu) (tedit 587A3A7B) (tstamp 60CC61F0)
    (at 107.95 68.58)
    (descr "LED, diameter 5.0mm, 2 pins, diameter 5.0mm, 3 pins, http://www.kingbright.com/attachments/file/psearch/000/00/00/L-59EGC(Ver.17A).pdf")
    (tags "LED diameter 5.0mm 2 pins diameter 5.0mm 3 pins")
    (path /60CD40AD)
    (fp_text reference D1 (at 2.54 -3.96) (layer F.SilkS)
      (effects (font (size 1 1) (thickness 0.15)))
    )
    (fp_text value LED_Dual_AAC (at 2.54 3.96) (layer F.Fab)
      (effects (font (size 1 1) (thickness 0.15)))
    )
    (fp_arc (start 2.54 0) (end 0.04 -1.469694) (angle 299.1) (layer F.Fab) (width 0.1))
    (fp_arc (start 2.54 0) (end -0.02 -1.54483) (angle 127.7) (layer F.SilkS) (width 0.12))
    (fp_arc (start 2.54 0) (end -0.02 1.54483) (angle -127.7) (layer F.SilkS) (width 0.12))
    (fp_arc (start 2.54 0) (end 0.285316 -1.08) (angle 128.8) (layer F.SilkS) (width 0.12))
    (fp_arc (start 2.54 0) (end 0.285316 1.08) (angle -128.8) (layer F.SilkS) (width 0.12))
    (fp_circle (center 2.54 0) (end 5.04 0) (layer F.Fab) (width 0.1))
    (fp_line (start 0.04 -1.469694) (end 0.04 1.469694) (layer F.Fab) (width 0.1))
    (fp_line (start -0.02 -1.545) (end -0.02 -1.08) (layer F.SilkS) (width 0.12))
    (fp_line (start -0.02 1.08) (end -0.02 1.545) (layer F.SilkS) (width 0.12))
    (fp_line (start -1.15 -3.25) (end -1.15 3.25) (layer F.CrtYd) (width 0.05))
    (fp_line (start -1.15 3.25) (end 6.25 3.25) (layer F.CrtYd) (width 0.05))
    (fp_line (start 6.25 3.25) (end 6.25 -3.25) (layer F.CrtYd) (width 0.05))
    (fp_line (start 6.25 -3.25) (end -1.15 -3.25) (layer F.CrtYd) (width 0.05))
    (pad 1 thru_hole rect (at 0 0) (size 1.8 1.8) (drill 0.9) (layers *.Cu *.Mask)
      (net 6 D2))
    (pad 2 thru_hole circle (at 2.54 0) (size 1.8 1.8) (drill 0.9) (layers *.Cu *.Mask)
      (net 8 D3))
    (pad 3 thru_hole circle (at 5.08 0) (size 1.8 1.8) (drill 0.9) (layers *.Cu *.Mask)
      (net 22 "Net-(D1-Pad3)"))
    (model ${KISYS3DMOD}/LED_THT.3dshapes/LED_D5.0mm-3.wrl
      (at (xyz 0 0 0))
      (scale (xyz 1 1 1))
      (rotate (xyz 0 0 0))
    )
  )

  (module LED_THT:LED_D5.0mm-3 (layer F.Cu) (tedit 587A3A7B) (tstamp 60CC6204)
    (at 117.928571 68.58)
    (descr "LED, diameter 5.0mm, 2 pins, diameter 5.0mm, 3 pins, http://www.kingbright.com/attachments/file/psearch/000/00/00/L-59EGC(Ver.17A).pdf")
    (tags "LED diameter 5.0mm 2 pins diameter 5.0mm 3 pins")
    (path /60CD4D0F)
    (fp_text reference D2 (at 2.54 -3.96) (layer F.SilkS)
      (effects (font (size 1 1) (thickness 0.15)))
    )
    (fp_text value LED_Dual_AAC (at 2.54 3.96) (layer F.Fab)
      (effects (font (size 1 1) (thickness 0.15)))
    )
    (fp_arc (start 2.54 0) (end 0.285316 1.08) (angle -128.8) (layer F.SilkS) (width 0.12))
    (fp_arc (start 2.54 0) (end 0.285316 -1.08) (angle 128.8) (layer F.SilkS) (width 0.12))
    (fp_arc (start 2.54 0) (end -0.02 1.54483) (angle -127.7) (layer F.SilkS) (width 0.12))
    (fp_arc (start 2.54 0) (end -0.02 -1.54483) (angle 127.7) (layer F.SilkS) (width 0.12))
    (fp_arc (start 2.54 0) (end 0.04 -1.469694) (angle 299.1) (layer F.Fab) (width 0.1))
    (fp_line (start 6.25 -3.25) (end -1.15 -3.25) (layer F.CrtYd) (width 0.05))
    (fp_line (start 6.25 3.25) (end 6.25 -3.25) (layer F.CrtYd) (width 0.05))
    (fp_line (start -1.15 3.25) (end 6.25 3.25) (layer F.CrtYd) (width 0.05))
    (fp_line (start -1.15 -3.25) (end -1.15 3.25) (layer F.CrtYd) (width 0.05))
    (fp_line (start -0.02 1.08) (end -0.02 1.545) (layer F.SilkS) (width 0.12))
    (fp_line (start -0.02 -1.545) (end -0.02 -1.08) (layer F.SilkS) (width 0.12))
    (fp_line (start 0.04 -1.469694) (end 0.04 1.469694) (layer F.Fab) (width 0.1))
    (fp_circle (center 2.54 0) (end 5.04 0) (layer F.Fab) (width 0.1))
    (pad 3 thru_hole circle (at 5.08 0) (size 1.8 1.8) (drill 0.9) (layers *.Cu *.Mask)
      (net 23 "Net-(D2-Pad3)"))
    (pad 2 thru_hole circle (at 2.54 0) (size 1.8 1.8) (drill 0.9) (layers *.Cu *.Mask)
      (net 12 D5))
    (pad 1 thru_hole rect (at 0 0) (size 1.8 1.8) (drill 0.9) (layers *.Cu *.Mask)
      (net 10 D4))
    (model ${KISYS3DMOD}/LED_THT.3dshapes/LED_D5.0mm-3.wrl
      (at (xyz 0 0 0))
      (scale (xyz 1 1 1))
      (rotate (xyz 0 0 0))
    )
  )

  (module LED_THT:LED_D5.0mm-3 (layer F.Cu) (tedit 587A3A7B) (tstamp 60CC6218)
    (at 127.907142 68.58)
    (descr "LED, diameter 5.0mm, 2 pins, diameter 5.0mm, 3 pins, http://www.kingbright.com/attachments/file/psearch/000/00/00/L-59EGC(Ver.17A).pdf")
    (tags "LED diameter 5.0mm 2 pins diameter 5.0mm 3 pins")
    (path /60CD6ECD)
    (fp_text reference D3 (at 2.54 -3.96) (layer F.SilkS)
      (effects (font (size 1 1) (thickness 0.15)))
    )
    (fp_text value LED_Dual_AAC (at 2.54 3.96) (layer F.Fab)
      (effects (font (size 1 1) (thickness 0.15)))
    )
    (fp_arc (start 2.54 0) (end 0.04 -1.469694) (angle 299.1) (layer F.Fab) (width 0.1))
    (fp_arc (start 2.54 0) (end -0.02 -1.54483) (angle 127.7) (layer F.SilkS) (width 0.12))
    (fp_arc (start 2.54 0) (end -0.02 1.54483) (angle -127.7) (layer F.SilkS) (width 0.12))
    (fp_arc (start 2.54 0) (end 0.285316 -1.08) (angle 128.8) (layer F.SilkS) (width 0.12))
    (fp_arc (start 2.54 0) (end 0.285316 1.08) (angle -128.8) (layer F.SilkS) (width 0.12))
    (fp_circle (center 2.54 0) (end 5.04 0) (layer F.Fab) (width 0.1))
    (fp_line (start 0.04 -1.469694) (end 0.04 1.469694) (layer F.Fab) (width 0.1))
    (fp_line (start -0.02 -1.545) (end -0.02 -1.08) (layer F.SilkS) (width 0.12))
    (fp_line (start -0.02 1.08) (end -0.02 1.545) (layer F.SilkS) (width 0.12))
    (fp_line (start -1.15 -3.25) (end -1.15 3.25) (layer F.CrtYd) (width 0.05))
    (fp_line (start -1.15 3.25) (end 6.25 3.25) (layer F.CrtYd) (width 0.05))
    (fp_line (start 6.25 3.25) (end 6.25 -3.25) (layer F.CrtYd) (width 0.05))
    (fp_line (start 6.25 -3.25) (end -1.15 -3.25) (layer F.CrtYd) (width 0.05))
    (pad 1 thru_hole rect (at 0 0) (size 1.8 1.8) (drill 0.9) (layers *.Cu *.Mask)
      (net 14 D6))
    (pad 2 thru_hole circle (at 2.54 0) (size 1.8 1.8) (drill 0.9) (layers *.Cu *.Mask)
      (net 16 D7))
    (pad 3 thru_hole circle (at 5.08 0) (size 1.8 1.8) (drill 0.9) (layers *.Cu *.Mask)
      (net 24 "Net-(D3-Pad3)"))
    (model ${KISYS3DMOD}/LED_THT.3dshapes/LED_D5.0mm-3.wrl
      (at (xyz 0 0 0))
      (scale (xyz 1 1 1))
      (rotate (xyz 0 0 0))
    )
  )

  (module LED_THT:LED_D5.0mm-3 (layer F.Cu) (tedit 587A3A7B) (tstamp 60CC622C)
    (at 137.885713 68.58)
    (descr "LED, diameter 5.0mm, 2 pins, diameter 5.0mm, 3 pins, http://www.kingbright.com/attachments/file/psearch/000/00/00/L-59EGC(Ver.17A).pdf")
    (tags "LED diameter 5.0mm 2 pins diameter 5.0mm 3 pins")
    (path /60CD71D1)
    (fp_text reference D4 (at 2.54 -3.96) (layer F.SilkS)
      (effects (font (size 1 1) (thickness 0.15)))
    )
    (fp_text value LED_Dual_AAC (at 2.54 3.96) (layer F.Fab)
      (effects (font (size 1 1) (thickness 0.15)))
    )
    (fp_arc (start 2.54 0) (end 0.285316 1.08) (angle -128.8) (layer F.SilkS) (width 0.12))
    (fp_arc (start 2.54 0) (end 0.285316 -1.08) (angle 128.8) (layer F.SilkS) (width 0.12))
    (fp_arc (start 2.54 0) (end -0.02 1.54483) (angle -127.7) (layer F.SilkS) (width 0.12))
    (fp_arc (start 2.54 0) (end -0.02 -1.54483) (angle 127.7) (layer F.SilkS) (width 0.12))
    (fp_arc (start 2.54 0) (end 0.04 -1.469694) (angle 299.1) (layer F.Fab) (width 0.1))
    (fp_line (start 6.25 -3.25) (end -1.15 -3.25) (layer F.CrtYd) (width 0.05))
    (fp_line (start 6.25 3.25) (end 6.25 -3.25) (layer F.CrtYd) (width 0.05))
    (fp_line (start -1.15 3.25) (end 6.25 3.25) (layer F.CrtYd) (width 0.05))
    (fp_line (start -1.15 -3.25) (end -1.15 3.25) (layer F.CrtYd) (width 0.05))
    (fp_line (start -0.02 1.08) (end -0.02 1.545) (layer F.SilkS) (width 0.12))
    (fp_line (start -0.02 -1.545) (end -0.02 -1.08) (layer F.SilkS) (width 0.12))
    (fp_line (start 0.04 -1.469694) (end 0.04 1.469694) (layer F.Fab) (width 0.1))
    (fp_circle (center 2.54 0) (end 5.04 0) (layer F.Fab) (width 0.1))
    (pad 3 thru_hole circle (at 5.08 0) (size 1.8 1.8) (drill 0.9) (layers *.Cu *.Mask)
      (net 25 "Net-(D4-Pad3)"))
    (pad 2 thru_hole circle (at 2.54 0) (size 1.8 1.8) (drill 0.9) (layers *.Cu *.Mask)
      (net 8 D3))
    (pad 1 thru_hole rect (at 0 0) (size 1.8 1.8) (drill 0.9) (layers *.Cu *.Mask)
      (net 6 D2))
    (model ${KISYS3DMOD}/LED_THT.3dshapes/LED_D5.0mm-3.wrl
      (at (xyz 0 0 0))
      (scale (xyz 1 1 1))
      (rotate (xyz 0 0 0))
    )
  )

  (module LED_THT:LED_D5.0mm-3 (layer F.Cu) (tedit 587A3A7B) (tstamp 60CC6240)
    (at 147.864284 68.58)
    (descr "LED, diameter 5.0mm, 2 pins, diameter 5.0mm, 3 pins, http://www.kingbright.com/attachments/file/psearch/000/00/00/L-59EGC(Ver.17A).pdf")
    (tags "LED diameter 5.0mm 2 pins diameter 5.0mm 3 pins")
    (path /60CD7552)
    (fp_text reference D5 (at 2.54 -3.96) (layer F.SilkS)
      (effects (font (size 1 1) (thickness 0.15)))
    )
    (fp_text value LED_Dual_AAC (at 2.54 3.96) (layer F.Fab)
      (effects (font (size 1 1) (thickness 0.15)))
    )
    (fp_arc (start 2.54 0) (end 0.04 -1.469694) (angle 299.1) (layer F.Fab) (width 0.1))
    (fp_arc (start 2.54 0) (end -0.02 -1.54483) (angle 127.7) (layer F.SilkS) (width 0.12))
    (fp_arc (start 2.54 0) (end -0.02 1.54483) (angle -127.7) (layer F.SilkS) (width 0.12))
    (fp_arc (start 2.54 0) (end 0.285316 -1.08) (angle 128.8) (layer F.SilkS) (width 0.12))
    (fp_arc (start 2.54 0) (end 0.285316 1.08) (angle -128.8) (layer F.SilkS) (width 0.12))
    (fp_circle (center 2.54 0) (end 5.04 0) (layer F.Fab) (width 0.1))
    (fp_line (start 0.04 -1.469694) (end 0.04 1.469694) (layer F.Fab) (width 0.1))
    (fp_line (start -0.02 -1.545) (end -0.02 -1.08) (layer F.SilkS) (width 0.12))
    (fp_line (start -0.02 1.08) (end -0.02 1.545) (layer F.SilkS) (width 0.12))
    (fp_line (start -1.15 -3.25) (end -1.15 3.25) (layer F.CrtYd) (width 0.05))
    (fp_line (start -1.15 3.25) (end 6.25 3.25) (layer F.CrtYd) (width 0.05))
    (fp_line (start 6.25 3.25) (end 6.25 -3.25) (layer F.CrtYd) (width 0.05))
    (fp_line (start 6.25 -3.25) (end -1.15 -3.25) (layer F.CrtYd) (width 0.05))
    (pad 1 thru_hole rect (at 0 0) (size 1.8 1.8) (drill 0.9) (layers *.Cu *.Mask)
      (net 10 D4))
    (pad 2 thru_hole circle (at 2.54 0) (size 1.8 1.8) (drill 0.9) (layers *.Cu *.Mask)
      (net 12 D5))
    (pad 3 thru_hole circle (at 5.08 0) (size 1.8 1.8) (drill 0.9) (layers *.Cu *.Mask)
      (net 26 "Net-(D5-Pad3)"))
    (model ${KISYS3DMOD}/LED_THT.3dshapes/LED_D5.0mm-3.wrl
      (at (xyz 0 0 0))
      (scale (xyz 1 1 1))
      (rotate (xyz 0 0 0))
    )
  )

  (module LED_THT:LED_D5.0mm-3 (layer F.Cu) (tedit 587A3A7B) (tstamp 60CC6254)
    (at 157.842855 68.58)
    (descr "LED, diameter 5.0mm, 2 pins, diameter 5.0mm, 3 pins, http://www.kingbright.com/attachments/file/psearch/000/00/00/L-59EGC(Ver.17A).pdf")
    (tags "LED diameter 5.0mm 2 pins diameter 5.0mm 3 pins")
    (path /60CD75E0)
    (fp_text reference D6 (at 2.54 -3.96) (layer F.SilkS)
      (effects (font (size 1 1) (thickness 0.15)))
    )
    (fp_text value LED_Dual_AAC (at 2.54 3.96) (layer F.Fab)
      (effects (font (size 1 1) (thickness 0.15)))
    )
    (fp_arc (start 2.54 0) (end 0.285316 1.08) (angle -128.8) (layer F.SilkS) (width 0.12))
    (fp_arc (start 2.54 0) (end 0.285316 -1.08) (angle 128.8) (layer F.SilkS) (width 0.12))
    (fp_arc (start 2.54 0) (end -0.02 1.54483) (angle -127.7) (layer F.SilkS) (width 0.12))
    (fp_arc (start 2.54 0) (end -0.02 -1.54483) (angle 127.7) (layer F.SilkS) (width 0.12))
    (fp_arc (start 2.54 0) (end 0.04 -1.469694) (angle 299.1) (layer F.Fab) (width 0.1))
    (fp_line (start 6.25 -3.25) (end -1.15 -3.25) (layer F.CrtYd) (width 0.05))
    (fp_line (start 6.25 3.25) (end 6.25 -3.25) (layer F.CrtYd) (width 0.05))
    (fp_line (start -1.15 3.25) (end 6.25 3.25) (layer F.CrtYd) (width 0.05))
    (fp_line (start -1.15 -3.25) (end -1.15 3.25) (layer F.CrtYd) (width 0.05))
    (fp_line (start -0.02 1.08) (end -0.02 1.545) (layer F.SilkS) (width 0.12))
    (fp_line (start -0.02 -1.545) (end -0.02 -1.08) (layer F.SilkS) (width 0.12))
    (fp_line (start 0.04 -1.469694) (end 0.04 1.469694) (layer F.Fab) (width 0.1))
    (fp_circle (center 2.54 0) (end 5.04 0) (layer F.Fab) (width 0.1))
    (pad 3 thru_hole circle (at 5.08 0) (size 1.8 1.8) (drill 0.9) (layers *.Cu *.Mask)
      (net 27 "Net-(D6-Pad3)"))
    (pad 2 thru_hole circle (at 2.54 0) (size 1.8 1.8) (drill 0.9) (layers *.Cu *.Mask)
      (net 16 D7))
    (pad 1 thru_hole rect (at 0 0) (size 1.8 1.8) (drill 0.9) (layers *.Cu *.Mask)
      (net 14 D6))
    (model ${KISYS3DMOD}/LED_THT.3dshapes/LED_D5.0mm-3.wrl
      (at (xyz 0 0 0))
      (scale (xyz 1 1 1))
      (rotate (xyz 0 0 0))
    )
  )

  (module 8MagnetTester4Filter:SD0805S020S1R0 (layer F.Cu) (tedit 0) (tstamp 60CC628C)
    (at 137.668 110.69955 90)
    (path /60CF80F3)
    (fp_text reference D7 (at 0 0 90) (layer F.SilkS)
      (effects (font (size 1 1) (thickness 0.15)))
    )
    (fp_text value D_ALT (at 0 0 90) (layer F.SilkS)
      (effects (font (size 1 1) (thickness 0.15)))
    )
    (fp_text user "Copyright 2021 Accelerated Designs. All rights reserved." (at 0 0 90) (layer Cmts.User)
      (effects (font (size 0.127 0.127) (thickness 0.002)))
    )
    (fp_text user * (at 0 0 90) (layer F.SilkS)
      (effects (font (size 1 1) (thickness 0.15)))
    )
    (fp_text user * (at 0 0 90) (layer F.Fab)
      (effects (font (size 1 1) (thickness 0.15)))
    )
    (fp_line (start -1.3081 0.6985) (end -1.7018 0.6985) (layer F.CrtYd) (width 0.05))
    (fp_line (start -1.3081 0.9525) (end -1.3081 0.6985) (layer F.CrtYd) (width 0.05))
    (fp_line (start 1.3081 0.9525) (end -1.3081 0.9525) (layer F.CrtYd) (width 0.05))
    (fp_line (start 1.3081 0.6985) (end 1.3081 0.9525) (layer F.CrtYd) (width 0.05))
    (fp_line (start 1.7018 0.6985) (end 1.3081 0.6985) (layer F.CrtYd) (width 0.05))
    (fp_line (start 1.7018 -0.6985) (end 1.7018 0.6985) (layer F.CrtYd) (width 0.05))
    (fp_line (start 1.3081 -0.6985) (end 1.7018 -0.6985) (layer F.CrtYd) (width 0.05))
    (fp_line (start 1.3081 -0.9525) (end 1.3081 -0.6985) (layer F.CrtYd) (width 0.05))
    (fp_line (start -1.3081 -0.9525) (end 1.3081 -0.9525) (layer F.CrtYd) (width 0.05))
    (fp_line (start -1.3081 -0.6985) (end -1.3081 -0.9525) (layer F.CrtYd) (width 0.05))
    (fp_line (start -1.7018 -0.6985) (end -1.3081 -0.6985) (layer F.CrtYd) (width 0.05))
    (fp_line (start -1.7018 0.6985) (end -1.7018 -0.6985) (layer F.CrtYd) (width 0.05))
    (fp_line (start -1.0541 -0.6985) (end -1.0541 0.6985) (layer F.Fab) (width 0.1))
    (fp_line (start 1.0541 -0.6985) (end -1.0541 -0.6985) (layer F.Fab) (width 0.1))
    (fp_line (start 1.0541 0.6985) (end 1.0541 -0.6985) (layer F.Fab) (width 0.1))
    (fp_line (start -1.0541 0.6985) (end 1.0541 0.6985) (layer F.Fab) (width 0.1))
    (fp_line (start 1.1811 -0.8255) (end -1.1811 -0.8255) (layer F.SilkS) (width 0.12))
    (fp_line (start -1.1811 0.8255) (end 1.1811 0.8255) (layer F.SilkS) (width 0.12))
    (fp_line (start -2.7178 -0.635) (end -2.7178 0.635) (layer F.SilkS) (width 0.12))
    (fp_line (start -3.4798 0) (end -2.7178 0.127) (layer F.SilkS) (width 0.12))
    (fp_line (start -3.4798 0) (end -2.7178 0.254) (layer F.SilkS) (width 0.12))
    (fp_line (start -3.4798 0) (end -2.7178 0.381) (layer F.SilkS) (width 0.12))
    (fp_line (start -3.4798 0) (end -2.7178 0.508) (layer F.SilkS) (width 0.12))
    (fp_line (start -3.4798 0) (end -2.7178 0.635) (layer F.SilkS) (width 0.12))
    (fp_line (start -3.4798 0) (end -2.7178 -0.127) (layer F.SilkS) (width 0.12))
    (fp_line (start -3.4798 0) (end -2.7178 -0.254) (layer F.SilkS) (width 0.12))
    (fp_line (start -3.4798 0) (end -2.7178 -0.381) (layer F.SilkS) (width 0.12))
    (fp_line (start -3.4798 0) (end -2.7178 -0.508) (layer F.SilkS) (width 0.12))
    (fp_line (start -3.4798 0) (end -2.7178 -0.635) (layer F.SilkS) (width 0.12))
    (fp_line (start -3.4798 -0.635) (end -3.4798 0.635) (layer F.SilkS) (width 0.12))
    (fp_line (start -2.4638 0) (end -3.7338 0) (layer F.SilkS) (width 0.12))
    (fp_line (start -2.7178 -0.635) (end -2.7178 0.635) (layer F.Fab) (width 0.1))
    (fp_line (start -3.4798 0) (end -2.7178 0.127) (layer F.Fab) (width 0.1))
    (fp_line (start -3.4798 0) (end -2.7178 0.254) (layer F.Fab) (width 0.1))
    (fp_line (start -3.4798 0) (end -2.7178 0.381) (layer F.Fab) (width 0.1))
    (fp_line (start -3.4798 0) (end -2.7178 0.508) (layer F.Fab) (width 0.1))
    (fp_line (start -3.4798 0) (end -2.7178 0.635) (layer F.Fab) (width 0.1))
    (fp_line (start -3.4798 0) (end -2.7178 -0.127) (layer F.Fab) (width 0.1))
    (fp_line (start -3.4798 0) (end -2.7178 -0.254) (layer F.Fab) (width 0.1))
    (fp_line (start -3.4798 0) (end -2.7178 -0.381) (layer F.Fab) (width 0.1))
    (fp_line (start -3.4798 0) (end -2.7178 -0.508) (layer F.Fab) (width 0.1))
    (fp_line (start -3.4798 0) (end -2.7178 -0.635) (layer F.Fab) (width 0.1))
    (fp_line (start -3.4798 -0.635) (end -3.4798 0.635) (layer F.Fab) (width 0.1))
    (fp_line (start -2.4638 0) (end -3.7338 0) (layer F.Fab) (width 0.1))
    (pad 1 smd rect (at -0.97155 0 90) (size 0.9525 0.889) (layers F.Cu F.Paste F.Mask)
      (net 29 "Net-(D7-Pad1)"))
    (pad 2 smd rect (at 0.97155 0 90) (size 0.9525 0.889) (layers F.Cu F.Paste F.Mask)
      (net 28 "Net-(D7-Pad2)"))
  )

  (module LED_THT:LED_D5.0mm-3 (layer F.Cu) (tedit 587A3A7B) (tstamp 60CC62A0)
    (at 167.821426 68.58)
    (descr "LED, diameter 5.0mm, 2 pins, diameter 5.0mm, 3 pins, http://www.kingbright.com/attachments/file/psearch/000/00/00/L-59EGC(Ver.17A).pdf")
    (tags "LED diameter 5.0mm 2 pins diameter 5.0mm 3 pins")
    (path /60CD7835)
    (fp_text reference D8 (at 2.54 -3.96) (layer F.SilkS)
      (effects (font (size 1 1) (thickness 0.15)))
    )
    (fp_text value LED_Dual_AAC (at 2.54 3.96) (layer F.Fab)
      (effects (font (size 1 1) (thickness 0.15)))
    )
    (fp_arc (start 2.54 0) (end 0.285316 1.08) (angle -128.8) (layer F.SilkS) (width 0.12))
    (fp_arc (start 2.54 0) (end 0.285316 -1.08) (angle 128.8) (layer F.SilkS) (width 0.12))
    (fp_arc (start 2.54 0) (end -0.02 1.54483) (angle -127.7) (layer F.SilkS) (width 0.12))
    (fp_arc (start 2.54 0) (end -0.02 -1.54483) (angle 127.7) (layer F.SilkS) (width 0.12))
    (fp_arc (start 2.54 0) (end 0.04 -1.469694) (angle 299.1) (layer F.Fab) (width 0.1))
    (fp_line (start 6.25 -3.25) (end -1.15 -3.25) (layer F.CrtYd) (width 0.05))
    (fp_line (start 6.25 3.25) (end 6.25 -3.25) (layer F.CrtYd) (width 0.05))
    (fp_line (start -1.15 3.25) (end 6.25 3.25) (layer F.CrtYd) (width 0.05))
    (fp_line (start -1.15 -3.25) (end -1.15 3.25) (layer F.CrtYd) (width 0.05))
    (fp_line (start -0.02 1.08) (end -0.02 1.545) (layer F.SilkS) (width 0.12))
    (fp_line (start -0.02 -1.545) (end -0.02 -1.08) (layer F.SilkS) (width 0.12))
    (fp_line (start 0.04 -1.469694) (end 0.04 1.469694) (layer F.Fab) (width 0.1))
    (fp_circle (center 2.54 0) (end 5.04 0) (layer F.Fab) (width 0.1))
    (pad 3 thru_hole circle (at 5.08 0) (size 1.8 1.8) (drill 0.9) (layers *.Cu *.Mask)
      (net 30 "Net-(D8-Pad3)"))
    (pad 2 thru_hole circle (at 2.54 0) (size 1.8 1.8) (drill 0.9) (layers *.Cu *.Mask)
      (net 8 D3))
    (pad 1 thru_hole rect (at 0 0) (size 1.8 1.8) (drill 0.9) (layers *.Cu *.Mask)
      (net 6 D2))
    (model ${KISYS3DMOD}/LED_THT.3dshapes/LED_D5.0mm-3.wrl
      (at (xyz 0 0 0))
      (scale (xyz 1 1 1))
      (rotate (xyz 0 0 0))
    )
  )

  (module 8MagnetTester4Filter:DMN6040SSS-13 (layer B.Cu) (tedit 0) (tstamp 60CC62FC)
    (at 113.688398 85.725)
    (path /60D2248E)
    (fp_text reference LEDGroupSelect1 (at 0 0) (layer B.SilkS)
      (effects (font (size 1 1) (thickness 0.15)) (justify mirror))
    )
    (fp_text value DMN6040SSD-13 (at 0 0) (layer B.SilkS)
      (effects (font (size 1 1) (thickness 0.15)) (justify mirror))
    )
    (fp_line (start -2.2352 -2.4384) (end -3.6596 -2.4384) (layer B.CrtYd) (width 0.05))
    (fp_line (start -2.2352 -2.7305) (end -2.2352 -2.4384) (layer B.CrtYd) (width 0.05))
    (fp_line (start 2.2352 -2.7305) (end -2.2352 -2.7305) (layer B.CrtYd) (width 0.05))
    (fp_line (start 2.2352 -2.4384) (end 2.2352 -2.7305) (layer B.CrtYd) (width 0.05))
    (fp_line (start 3.6596 -2.4384) (end 2.2352 -2.4384) (layer B.CrtYd) (width 0.05))
    (fp_line (start 3.6596 2.4384) (end 3.6596 -2.4384) (layer B.CrtYd) (width 0.05))
    (fp_line (start 2.2352 2.4384) (end 3.6596 2.4384) (layer B.CrtYd) (width 0.05))
    (fp_line (start 2.2352 2.7305) (end 2.2352 2.4384) (layer B.CrtYd) (width 0.05))
    (fp_line (start -2.2352 2.7305) (end 2.2352 2.7305) (layer B.CrtYd) (width 0.05))
    (fp_line (start -2.2352 2.4384) (end -2.2352 2.7305) (layer B.CrtYd) (width 0.05))
    (fp_line (start -3.6596 2.4384) (end -2.2352 2.4384) (layer B.CrtYd) (width 0.05))
    (fp_line (start -3.6596 -2.4384) (end -3.6596 2.4384) (layer B.CrtYd) (width 0.05))
    (fp_line (start -1.9812 2.4765) (end -1.9812 -2.4765) (layer B.Fab) (width 0.1))
    (fp_line (start 1.9812 2.4765) (end -1.9812 2.4765) (layer B.Fab) (width 0.1))
    (fp_line (start 1.9812 -2.4765) (end 1.9812 2.4765) (layer B.Fab) (width 0.1))
    (fp_line (start -1.9812 -2.4765) (end 1.9812 -2.4765) (layer B.Fab) (width 0.1))
    (fp_line (start 2.1082 2.6035) (end -2.1082 2.6035) (layer B.SilkS) (width 0.12))
    (fp_line (start -2.1082 -2.6035) (end 2.1082 -2.6035) (layer B.SilkS) (width 0.12))
    (fp_line (start 3.05 2.159) (end 1.9812 2.159) (layer B.Fab) (width 0.1))
    (fp_line (start 3.05 1.651) (end 3.05 2.159) (layer B.Fab) (width 0.1))
    (fp_line (start 1.9812 1.651) (end 3.05 1.651) (layer B.Fab) (width 0.1))
    (fp_line (start 1.9812 2.159) (end 1.9812 1.651) (layer B.Fab) (width 0.1))
    (fp_line (start 3.05 0.889) (end 1.9812 0.889) (layer B.Fab) (width 0.1))
    (fp_line (start 3.05 0.381) (end 3.05 0.889) (layer B.Fab) (width 0.1))
    (fp_line (start 1.9812 0.381) (end 3.05 0.381) (layer B.Fab) (width 0.1))
    (fp_line (start 1.9812 0.889) (end 1.9812 0.381) (layer B.Fab) (width 0.1))
    (fp_line (start 3.05 -0.381) (end 1.9812 -0.381) (layer B.Fab) (width 0.1))
    (fp_line (start 3.05 -0.889) (end 3.05 -0.381) (layer B.Fab) (width 0.1))
    (fp_line (start 1.9812 -0.889) (end 3.05 -0.889) (layer B.Fab) (width 0.1))
    (fp_line (start 1.9812 -0.381) (end 1.9812 -0.889) (layer B.Fab) (width 0.1))
    (fp_line (start 3.05 -1.651) (end 1.9812 -1.651) (layer B.Fab) (width 0.1))
    (fp_line (start 3.05 -2.159) (end 3.05 -1.651) (layer B.Fab) (width 0.1))
